1e-05
2e-05
3.60194e-05
0.000328359
0.000900963 
0.0102944 
0.044949  
0.0519282 
0.0599161 
0.0691052 
0.0797335 
0.0920609 
0.106465 
0.123323 
0.143132 
0.16654 
0.19429 
0.227184 
0.265965 
0.311432 
0.364458 
0.417484 
0.478973 
0.550091 
0.631644 
0.724334 
0.828905 
0.944705 
1.06961 
1.20212 
1.33462 
1.46712 
1.59962 
1.73213 
1.86463 
1.99713 
2.12964 
2.26214 
2.39464 
2.79215 
2.92465 
3.18966 
3.45467 
3.71967 
3.98468 
4.24968 
4.51469 
4.7797 
5.0447 
5.5138 
6.22822 
7.13476 
8.30635
8.94741 
9.43561 
10.1269 
10.5316 
11.0332 
11.9559 
12.9998 
14.1653 
16.1395 
17.7669 
18.2362 
18.8109 
19.9184 
21.3542 
23.1429 
27.2738 
28.8188 
30.7156 
32.3792 
36.2189 
43.8548 
48.8555 
51.3773 
52.7558 
54.2703 
56.1767 
60.4555 
61.2472 
61.7097 
62.5458 
64.6967 
69.5635 
76.3222 
80.9897 
85.2857 
88.8452 
90.051 
91.9044 
93.2517 
95.2215 
97.9581 
101.847 
104.811313415469
109.854114198756
115.139539932645
120.679264063933
126.485521685530
132.571136559011
138.949549437314
145.634847750124
152.641796717523
159.985871960606
167.683293681101
175.751062485479
184.206996932672
193.069772888325
202.358964772516
212.095088792019
222.299648252620
232.995181051537
244.205309454865
255.954792269954
268.269579527972
281.176869797423
294.705170255181
308.884359647748
323.745754281764
339.322177189533
355.648030622313
372.759372031494
390.693993705462
409.491506238043
429.193426012878
449.843266896944
471.486636345739
494.171336132383
517.947467923121
542.867543932386
568.986602901829
596.362331659464
625.055192527398
655.128556859551
686.648845004300
719.685673001152
754.312006335462
790.604321090770
828.642772854684
868.511373751353
910.298177991522
