0 0.0124818867450747 0.011725286414984 0.000756600330090709
1e-06 0.0121311248220699 0.0117300128990249 0.000401111923045051
2e-06 0.0119853606714577 0.011732460520483 0.000252900150974752
4e-06 0.011908056015985 0.0117345429608366 0.000173513055148386
8e-06 0.0118558031713592 0.0117366301943055 0.000119172977053698
1.6e-05 0.0118157376843985 0.0117387973480855 7.69403363129837e-05
3.2e-05 0.0117855686420054 0.0117408639258153 4.47047161900814e-05
6.4e-05 0.0117672358522015 0.0117424977706356 2.47380815659012e-05
0.000128 0.011758686377712 0.0117436484941595 1.50378835525476e-05
0.000256 0.0117543377350482 0.0117445740938887 9.76364115957996e-06
0.000512 0.0117515417066942 0.0117453914691502 6.15023754394371e-06
0.001024 0.011749741671977 0.0117459987400193 3.74293195772325e-06
0.002048 0.0117489208620455 0.0117462484083447 2.67245370079114e-06
0.004096 0.0117485750662639 0.0117461807025793 2.39436368462358e-06
0.008192 0.01174817365774 0.0117457684466775 2.40521106251172e-06
0.016384 0.0117473221538158 0.0117445546588285 2.76749498736897e-06
0.032768 0.0117448072604252 0.0117405962476445 4.21101278064066e-06
0.065536 0.011733464499716 0.0117218742296762 1.15902700398258e-05
0.111176398284043 0.0116805186320429 0.0116325892388301 4.79293932127251e-05
0.153309092313813 0.011473110890113 0.0112748615905496 0.000198249299563357
0.195441786343582 0.0106427473755491 0.00980816891280275 0.000834578462746358
0.237574480373352 0.0086915308152088 0.00599048356903883 0.00270104724616997
0.279707174403121 0.00827821183477406 0.00443695416427003 0.00384125767050403
0.357938204779746 0.00824780135008785 0.00468658527664337 0.00356121607344447
0.493854910641317 0.00813376008534351 0.00471649099837969 0.00341726908696382
0.593812281647704 0.00776193863898727 0.00455242063306647 0.00320951800592081
0.693769652654092 0.00717312257080873 0.00379398412886447 0.00337913844194426
0.893684394666868 0.00717032224258328 0.00382486584504322 0.00334545639754007
1.29351387869242 0.0071701803593112 0.00381886020975307 0.00335132014955814
2.09317284674352 0.00717017892564421 0.00381938181511087 0.00335079711053334
3.69249078284573 0.00717017873981006 0.00381934650743222 0.00335083223237785
6.89112665505014 0.00717017837380691 0.00381933125119082 0.00335084712261609
13.288398399459 0.00717017762296636 0.00381929444116733 0.00335088318179903
23.288398399459 0.00717017636771641 0.00381922128828796 0.00335095507942846
33.288398399459 0.00717017491998079 0.00381912113305258 0.00335105378692821
43.288398399459 0.0071701731064681 0.00381898608940983 0.00335118701705828
53.288398399459 0.00717017067059428 0.00381881067169843 0.00335135999889585
63.288398399459 0.00717016734275543 0.00381859638292986 0.00335157095982556
73.288398399459 0.00717016303367269 0.00381835637319464 0.00335180666047805
83.288398399459 0.00717015803373953 0.00381811458794937 0.00335204344579016
93.288398399459 0.00717015294318112 0.00381789650717501 0.00335225643600611
103.288398399459 0.00717014831236503 0.00381771745076309 0.00335243086160194
113.288398399459 0.00717014437599404 0.00381757888929612 0.00335256548669793
123.288398399459 0.00717014109410024 0.00381747360700057 0.00335266748709967
133.288398399459 0.00717013832171408 0.0038173924193271 0.00335274590238698
143.288398399459 0.00717013592141962 0.00381732765788518 0.00335280826353445
153.288398399459 0.00717013379634729 0.00381727403590174 0.00335285976044554
163.288398399459 0.007170131885108 0.00381722814187964 0.00335290374322836
173.288398399459 0.00717013014893455 0.00381718785427061 0.00335294229466395
183.288398399459 0.00717012856164676 0.00381715183041773 0.00335297673122903
193.288398399459 0.00717012710378217 0.00381711918591713 0.00335300791786504
203.288398399459 0.00717012575962864 0.00381708930521596 0.00335303645441267
213.288398399459 0.00717012451584197 0.00381706173471404 0.00335306278112793
223.288398399459 0.00717012336081199 0.00381703612329661 0.00335308723751537
233.288398399459 0.00717012228434322 0.00381701218890061 0.00335311009544261
243.288398399459 0.0071701212774565 0.00381698969894634 0.00335313157851016
253.288398399459 0.00717012033223505 0.00381696845817488 0.00335315187406018
263.288398399459 0.00717011944169023 0.00381694830051273 0.0033531711411775
273.288398399459 0.00717011859964024 0.00381692908323788 0.00335318951640237
283.288398399459 0.00717011780060171 0.00381691068256128 0.00335320711804043
293.288398399459 0.00717011703969371 0.00381689299015501 0.00335322404953869
303.288398399459 0.00717011631255428 0.00381687591036335 0.00335324040219092
313.288398399459 0.00717011561526841 0.0038168593579343 0.00335325625733411
323.288398399459 0.00717011494430625 0.00381684325616085 0.00335327168814539
333.288398399459 0.0071701142964702 0.00381682753535023 0.00335328676111998
343.288398399459 0.00717011366884977 0.00381681213155744 0.00335330153729233
353.288398399459 0.00717011305878274 0.0038167969855322 0.00335331607325054
363.288398399459 0.00717011246382197 0.00381678204183818 0.00335333042198379
373.288398399459 0.00717011188170662 0.00381676724811185 0.00335334463359477
383.288398399459 0.00717011131033743 0.00381675255443514 0.00335335875590229
393.288398399459 0.00717011074775525 0.00381673791280167 0.00335337283495358
403.288398399459 0.00717011019212247 0.00381672327666152 0.00335338691546095
413.288398399459 0.00717010964170701 0.00381670860053352 0.00335340104117349
423.288398399459 0.0071701090948685 0.0038166938396776 0.0033534152551909
433.288398399459 0.00717010855004662 0.0038166789498228 0.00335342960022382
443.288398399459 0.00717010800575135 0.00381666388694881 0.00335344411880254
453.288398399459 0.00717010746055506 0.00381664860712147 0.00335345885343359
463.288398399459 0.00717010691308655 0.00381663306638423 0.00335347384670231
473.288398399459 0.00717010636202676 0.003816617220709 0.00335348914131776
483.288398399459 0.0071701058061066 0.00381660102601154 0.00335350478009506
493.288398399459 0.00717010524410654 0.00381658443823696 0.00335352080586958
503.288398399459 0.00717010467485832 0.00381656741352181 0.00335353726133651
513.288398399459 0.00717010409724874 0.0038165499084395 0.00335355418880925
523.288398399459 0.00717010351022563 0.00381653188033513 0.0033535716298905
533.288398399459 0.00717010291280601 0.00381651328775563 0.00335358962505039
543.288398399459 0.00717010230408654 0.00381649409097876 0.00335360821310778
553.288398399459 0.00717010168325603 0.00381647425264306 0.00335362743061297
563.288398399459 0.00717010104961014 0.00381645373847685 0.00335364731113329
573.288398399459 0.00717010040256788 0.00381643251812096 0.00335366788444692
583.288398399459 0.00717009974168953 0.00381641056603406 0.00335368917565547
593.288398399459 0.0071700990666958 0.0038163878624657 0.0033537112042301
603.288398399459 0.00717009837748732 0.00381636439446287 0.00335373398302445
613.288398399459 0.00717009767416384 0.00381634015690712 0.00335375751725672
623.288398399459 0.00717009695704234 0.0038163151535007 0.00335378180354164
633.288398399459 0.00717009622667288 0.00381628939770069 0.00335380682897219
643.288398399459 0.00717009548385115 0.00381626291351817 0.00335383257033297
653.288398399459 0.00717009472962662 0.00381623573614554 0.00335385899348108
663.288398399459 0.00717009396530514 0.00381620791235039 0.00335388605295475
673.288398399459 0.00717009319244493 0.00381617950058854 0.00335391369185639
683.288398399459 0.00717009241284531 0.00381615057078326 0.00335394184206206
693.288398399459 0.00717009162852753 0.00381612120374946 0.00335397042477807
703.288398399459 0.00717009084170767 0.00381609149023787 0.00335399935146979
713.288398399459 0.00717009005476195 0.00381606152960625 0.00335402852515571
723.288398399459 0.00717008927018522 0.00381603142814266 0.00335405784204256
733.288398399459 0.00717008849054394 0.00381600129708979 0.00335408719345415
743.288398399459 0.00717008771842536 0.00381597125043991 0.00335411646798545
753.288398399459 0.00717008695638495 0.00381594140258856 0.00335414555379639
763.288398399459 0.00717008620689418 0.00381591186594634 0.00335417434094784
773.288398399459 0.00717008547229107 0.00381588274861354 0.00335420272367754
783.288398399459 0.00717008475473538 0.00381585415221914 0.00335423060251624
793.288398399459 0.0071700840561704 0.00381582617001514 0.00335425788615525
803.288398399459 0.00717008337829261 0.00381579888529981 0.00335428449299281
813.288398399459 0.00717008272253012 0.00381577237022144 0.00335431035230868
823.288398399459 0.00717008209003016 0.00381574668498969 0.00335433540504047
833.288398399459 0.00717008148165545 0.00381572187749639 0.00335435960415906
843.288398399459 0.00717008089798883 0.0038156979833256 0.00335438291466322
853.288398399459 0.00717008033934509 0.00381567502611326 0.00335440531323183
863.288398399459 0.00717007980578873 0.00381565301820329 0.00335442678758545
873.288398399459 0.00717007929715632 0.00381563196153851 0.00335444733561781
883.288398399459 0.00717007881308196 0.00381561184872155 0.00335446696436041
893.288398399459 0.00717007835302457 0.00381559266418246 0.00335448568884212
903.288398399459 0.00717007791629577 0.0038155743853951 0.00335450353090067
913.288398399459 0.00717007750208732 0.00381555698409201 0.00335452051799532
923.288398399459 0.0071700771094973 0.00381554042743654 0.00335453668206076
933.288398399459 0.00717007673755443 0.00381552467912111 0.00335455205843333
943.288398399459 0.00717007638524015 0.00381550970036928 0.00335456668487087
953.288398399459 0.00717007605150813 0.00381549545082841 0.00335458060067972
963.288398399459 0.00717007573530121 0.00381548188934631 0.00335459384595491
973.288398399459 0.00717007543556578 0.00381546897463175 0.00335460646093403
983.288398399459 0.00717007515126359 0.00381545666580289 0.0033546184854607
993.288398399459 0.00717007488138142 0.00381544492283094 0.00335462995855047
1003.28839839946 0.0071700746249385 0.0038154337068885 0.00335464091805
