0.000010 
0.000012 
0.000014 
0.000016 
0.000019 
0.000023 
0.000027 
0.000031 
0.000037 
0.000043 
0.000051 
0.000060 
0.000071 
0.000083 
0.000098 
0.000115 
0.000135 
0.000159 
0.000187 
0.000221 
0.000260 
0.000305 
0.000359 
0.000423 
0.000498 
0.000586 
0.000689 
0.000811 
0.000955 
0.001123 
0.001322 
0.001556 
0.001831 
0.002154 
0.002535 
0.002984 
0.003511 
0.004132 
0.004863 
0.005722 
0.006734 
0.007925 
0.009326 
0.010975 
0.012915 
0.015199 
0.017886 
0.021049 
0.024771 
0.029151 
0.034305 
0.040370 
0.047508 
0.055908 
0.065793 
0.077426 
0.091116 
0.107227 
0.126186 
0.148497 
0.174753 
0.205651 
0.242013 
0.284804 
0.335160 
0.394421 
0.464159 
0.546228 
0.642807 
0.756463 
0.890215 
1.047616 
1.232847 
1.450829 
1.707353 
2.009233 
2.364489 
2.782559 
3.274549 
3.853529 
4.534879 
5.336699 
6.280291 
7.390722 
8.697490 
10.235310 
12.045035 
14.174742 
16.681005 
19.630407 
23.101297 
27.185882 
31.992671 
37.649358 
44.306215 
52.140083 
61.359073 
72.208090 
84.975344 
100.000000 
