2e-06 6 6 16
4e-06 5 5 12
8e-06 7 7 6
1.6e-05 4 4 6
3.2e-05 5 5 11
6.4e-05 6 6 17
0.000128 4 4 13
0.000256 4 4 10
0.000512 4 4 8
0.001024 4 4 16
0.002048 4 4 8
0.004096 4 4 3
0.008192 4 4 4
0.016384 4 4 5
0.032768 6 6 4
0.065536 8 8 14
0.111176 16 8 7
0.153309 16 8 7
0.195442 11 11 4
0.237574 112 112 17
0.279707 106 106 67
0.357938 24 24 52
0.493855 66 30 37
0.593812 118 53 32
0.69377 104 104 50
0.893684 22 22 32
1.29351 16 16 22
2.09317 8 8 17
3.69249 8 8 7
6.89113 8 8 0
13.2884 8 8 1
23.2884 8 8 0
33.2884 8 8 0
43.2884 9 9 0
53.2884 11 11 0
63.2884 11 11 1
73.2884 11 11 0
83.2884 11 11 1
93.2884 11 11 0
103.288 11 11 1
113.288 11 11 0
123.288 10 10 0
133.288 10 10 0
143.288 8 8 0
153.288 8 8 0
163.288 8 8 0
173.288 8 8 0
183.288 8 8 0
193.288 8 8 0
203.288 8 8 0
213.288 8 8 0
223.288 8 8 0
233.288 8 8 0
243.288 8 8 0
253.288 8 8 0
263.288 8 8 0
273.288 8 8 0
283.288 8 8 0
293.288 8 8 0
303.288 8 8 0
313.288 8 8 0
323.288 8 8 0
333.288 8 8 0
343.288 8 8 0
353.288 8 8 0
363.288 8 8 0
373.288 8 8 0
383.288 8 8 0
393.288 8 8 0
403.288 8 8 0
413.288 8 8 0
423.288 8 8 0
433.288 8 8 0
443.288 8 8 0
453.288 8 8 1
463.288 8 8 0
473.288 8 8 0
483.288 8 8 0
493.288 8 8 0
503.288 8 8 0
513.288 8 8 0
523.288 8 8 0
533.288 8 8 0
543.288 8 8 0
553.288 8 8 0
563.288 8 8 0
573.288 8 8 0
583.288 8 8 1
593.288 8 8 0
603.288 8 8 0
613.288 8 8 0
623.288 8 8 0
633.288 8 8 0
643.288 8 8 0
653.288 8 8 0
663.288 8 8 0
673.288 8 8 0
683.288 8 8 0
693.288 8 8 0
703.288 8 8 2
713.288 8 8 0
723.288 8 8 0
733.288 8 8 1
743.288 8 8 0
753.288 8 8 0
763.288 8 8 0
773.288 8 8 0
783.288 8 8 0
793.288 8 8 0
803.288 8 8 0
813.288 8 8 0
823.288 8 8 0
833.288 8 8 0
843.288 8 8 0
853.288 8 8 0
863.288 8 8 0
873.288 8 8 0
883.288 8 8 0
893.288 8 8 0
903.288 8 8 0
913.288 8 8 0
923.288 8 8 0
933.288 8 8 0
943.288 8 8 1
953.288 8 8 0
963.288 8 8 0
973.288 8 8 0
983.288 8 8 0
993.288 8 8 1
1003.29 8 8 0
