2e-06 1e-06 -6 9.99569184532602e-05 0.00999569184532602
4e-06 2e-06 -5.69897000433602 8.69144700197259e-05 0.00869144700197259
8e-06 4e-06 -5.39794000867204 5.91352064572525e-05 0.00591352064572525
1.6e-05 8e-06 -5.09691001300806 5.90757439421878e-05 0.00590757439421878
3.2e-05 1.6e-05 -4.79588001734407 5.45985436418276e-05 0.00545985436418276
6.4e-05 3.2e-05 -4.49485002168009 5.08387234198388e-05 0.00508387234198388
0.000128 6.4e-05 -4.19382002601611 5.12442895234121e-05 0.00512442895234121
0.000256 0.000128 -3.89279003035213 3.87342574011711e-05 0.00387342574011711
0.000512 0.000256 -3.59176003468815 3.50054098246562e-05 0.00350054098246562
0.001024 0.000512 -3.29073003902417 4.2335733489819e-05 0.0042335733489819
0.002048 0.001024 -2.98970004336019 3.79250241424243e-05 0.00379250241424243
0.004096 0.002048 -2.68867004769621 2.08888929094899e-05 0.00208888929094898
0.008192 0.004096 -2.38764005203223 1.35179357166487e-05 0.00135179357166487
0.016384 0.008192 -2.08661005636824 2.36123963731795e-05 0.00236123963731795
0.032768 0.016384 -1.78558006070426 0.000104063429601128 0.0104063429601128
0.065536 0.032768 -1.48455006504028 0.00113168616727324 0.113168616727324
0.111176398284043 0.0456403982840434 -1.34065057433692 0.00762329689916558 0.762329689916557
0.153309092313813 0.0421326940297694 -1.3753807705229 0.00925951098312968 0.925951098312968
0.195441786343582 0.0421326940297694 -1.3753807705229 0.0109446253686688 1.09446253686688
0.237574480373352 0.0421326940297694 -1.3753807705229 0.0106700161270935 1.06700161270935
0.279707174403121 0.0421326940297694 -1.3753807705229 0.000841319037862668 0.0841319037862668
0.357938204779746 0.0782310303766248 -1.10662094964742 0.000458820330802271 0.0458820330802271
0.493854910641317 0.135916705861571 -0.866727159767902 0.00922412339421665 0.922412339421665
0.593812281647704 0.0999573710063879 -1.00018517483884 0.0106407490144358 1.06407490144358
0.693769652654092 0.0999573710063879 -1.00018517483884 0.000226272783250535 0.0226272783250535
0.893684394666868 0.199914742012776 -0.699155179174857 0.000113864266414144 0.0113864266414144
1.29351387869242 0.399829484025552 -0.398125183510876 3.35690625741302e-06 0.000335690625741302
2.09317284674352 0.799658968051103 -0.0970951878468945 2.1330479352454e-07 2.1330479352454e-05
3.69249078284573 1.59931793610221 0.203934807817087 9.53745499494238e-08 9.53745499494238e-06
6.89112665505014 3.19863587220441 0.504964803481068 4.62589418298982e-07 4.62589418298982e-05
13.288398399459 6.39727174440883 0.805994799145049 2.69534037141849e-06 0.000269534037141849
23.288398399459 10 1 1.07892888804491e-05 0.00107892888804491
33.288398399459 10 1 1.39987483880639e-05 0.00139987483880639
43.288398399459 10 1 1.65117725036174e-05 0.00165117725036174
53.288398399459 10 1 1.68721143910113e-05 0.00168721143910113
63.288398399459 10 1 1.36406110759471e-05 0.00136406110759471
73.288398399459 10 1 8.18808916504028e-06 0.000818808916504028
83.288398399459 10 1 4.54993383300419e-06 0.000454993383300419
93.288398399459 10 1 6.75871038949777e-06 0.000675871038949777
103.288398399459 10 1 9.32620700857409e-06 0.000932620700857409
113.288398399459 10 1 9.17316421303409e-06 0.000917316421303409
123.288398399459 10 1 7.6374843149668e-06 0.00076374843149668
133.288398399459 10 1 5.7544447285566e-06 0.00057544447285566
143.288398399459 10 1 4.05702773650648e-06 0.000405702773650648
153.288398399459 10 1 3.31518218720396e-06 0.000331518218720396
163.288398399459 10 1 2.74192200009616e-06 0.000274192200009616
173.288398399459 10 1 2.30698509096021e-06 0.000230698509096021
183.288398399459 10 1 1.98047248674305e-06 0.000198047248674305
193.288398399459 10 1 1.73352687239029e-06 0.000173352687239029
203.288398399459 10 1 1.54306630357622e-06 0.000154306630357622
213.288398399459 10 1 1.3921932953039e-06 0.00013921932953039
223.288398399459 10 1 1.26913438840139e-06 0.000126913438840139
233.288398399459 10 1 1.16591661010556e-06 0.000116591661010556
243.288398399459 10 1 1.07721702275366e-06 0.000107721702275366
253.288398399459 10 1 9.99490405950855e-07 9.99490405950855e-05
263.288398399459 10 1 9.30354349025981e-07 9.30354349025981e-05
273.288398399459 10 1 8.6817524988575e-07 8.6817524988575e-05
283.288398399459 10 1 8.11798193064433e-07 8.11798193064433e-05
293.288398399459 10 1 7.60374693138591e-07 7.60374693138591e-05
303.288398399459 10 1 7.1325475683377e-07 7.1325475683377e-05
313.288398399459 10 1 6.69919984285264e-07 6.69919984285264e-05
323.288398399459 10 1 6.29942383644171e-07 6.29942383644171e-05
333.288398399459 10 1 5.92958987777191e-07 5.92958987777191e-05
343.288398399459 10 1 5.58656000140379e-07 5.58656000140379e-05
353.288398399459 10 1 5.26758620979272e-07 5.26758620979272e-05
363.288398399459 10 1 4.97024228204699e-07 4.97024228204699e-05
373.288398399459 10 1 4.69237457757485e-07 4.69237457757485e-05
383.288398399459 10 1 4.43206437133507e-07 4.43206437133507e-05
393.288398399459 10 1 4.18759645248931e-07 4.18759645248931e-05
403.288398399459 10 1 3.95743171417178e-07 3.95743171417178e-05
413.288398399459 10 1 3.90187563547132e-07 3.90187563547132e-05
423.288398399459 10 1 3.93841995832599e-07 3.93841995832599e-05
433.288398399459 10 1 3.97600982916474e-07 3.97600982916475e-05
443.288398399459 10 1 4.01370380039654e-07 4.01370380039654e-05
453.288398399459 10 1 4.05049697797119e-07 4.05049697797119e-05
463.288398399459 10 1 4.08530574890402e-07 4.08530574890402e-05
473.288398399459 10 1 4.11695438376086e-07 4.11695438376086e-05
483.288398399459 10 1 4.14416383005453e-07 4.14416383005453e-05
493.288398399459 10 1 4.16554321309225e-07 4.16554321309225e-05
503.288398399459 10 1 4.1795846538426e-07 4.1795846538426e-05
513.288398399459 10 1 4.18466221285196e-07 4.18466221285196e-05
523.288398399459 10 1 4.17903583383666e-07 4.17903583383666e-05
533.288398399459 10 1 4.16086114269678e-07 4.16086114269678e-05
543.288398399459 10 1 4.1282062429615e-07 4.1282062429615e-05
553.288398399459 10 1 4.07907630758247e-07 4.07907630758247e-05
563.288398399459 10 1 4.01144676137564e-07 4.01144676137564e-05
573.288398399459 10 1 3.92330606681173e-07 3.92330606681173e-05
583.288398399459 10 1 3.81270769927984e-07 3.81270769927984e-05
593.288398399459 10 1 3.67783180849433e-07 3.67783180849433e-05
603.288398399459 10 1 3.51705652107999e-07 3.51705652107999e-05
613.288398399459 10 1 3.32903324702371e-07 3.32903324702371e-05
623.288398399459 10 1 3.11277104727598e-07 3.11277104727598e-05
633.288398399459 10 1 2.86771914619929e-07 2.86771914619929e-05
643.288398399459 10 1 2.59384790778639e-07 2.59384790778639e-05
653.288398399459 10 1 2.29172173858445e-07 2.29172173858445e-05
663.288398399459 10 1 1.96255839694683e-07 1.96255839694683e-05
673.288398399459 10 1 1.60826924310898e-07 1.60826924310898e-05
683.288398399459 10 1 1.23147452908619e-07 1.23147452908619e-05
693.288398399459 10 1 8.35489342110715e-08 8.35489342110715e-06
703.288398399459 10 1 9.59453713623996e-08 9.59453713623996e-06
713.288398399459 10 1 1.11946057431983e-07 1.11946057431983e-05
723.288398399459 10 1 1.27106672649182e-07 1.27106672649182e-05
733.288398399459 10 1 1.41230247591955e-07 1.41230247591955e-05
743.288398399459 10 1 1.54131199725407e-07 1.54131199725407e-05
753.288398399459 10 1 1.68875834952343e-07 1.68875834952343e-05
763.288398399459 10 1 2.08556167655154e-07 2.08556167655154e-05
773.288398399459 10 1 2.46180779709304e-07 2.46180779709304e-05
783.288398399459 10 1 2.81316551771218e-07 2.81316551771218e-05
793.288398399459 10 1 3.13595241721e-07 3.13595241721e-05
803.288398399459 10 1 3.42722592458653e-07 3.42722592458653e-05
813.288398399459 10 1 3.68483725050536e-07 3.68483725050536e-05
823.288398399459 10 1 3.90744720737749e-07 3.90744720737749e-05
833.288398399459 10 1 4.0945064453917e-07 4.0945064453917e-05
843.288398399459 10 1 4.24620437884674e-07 4.24620437884674e-05
853.288398399459 10 1 4.36339323534317e-07 4.36339323534317e-05
863.288398399459 10 1 4.44749419831531e-07 4.44749419831531e-05
873.288398399459 10 1 4.50039316471909e-07 4.50039316471909e-05
883.288398399459 10 1 4.52433285051311e-07 4.52433285051311e-05
893.288398399459 10 1 4.5218073089256e-07 4.52180730892559e-05
903.288398399459 10 1 4.49546345770399e-07 4.49546345770399e-05
913.288398399459 10 1 4.44801315511536e-07 4.44801315511536e-05
923.288398399459 10 1 4.38215784674576e-07 4.38215784674576e-05
933.288398399459 10 1 4.30052667413831e-07 4.30052667413831e-05
943.288398399459 10 1 4.20562812959441e-07 4.20562812959441e-05
953.288398399459 10 1 4.09981440326437e-07 4.09981440326437e-05
963.288398399459 10 1 3.9852571987694e-07 3.9852571987694e-05
973.288398399459 10 1 3.86393362539908e-07 3.86393362539908e-05
983.288398399459 10 1 3.73762020779405e-07 3.73762020779405e-05
993.288398399459 10 1 3.60789379287102e-07 3.60789379287102e-05
1003.28839839946 10 1 3.47613735932761e-07 3.47613735932761e-05
