154.75 422.50 1849.75 4016.50 7030.50
148.75 440.75 1733.25 3857.25 6844.00
146.00 416.50 1713.00 3805.25 6811.50
139.75 387.00 1700.25 3951.50 6659.00
156.50 374.25 1610.75 3621.25 6572.50
132.00 409.00 1643.00 3577.25 6458.25
135.75 370.00 1658.25 3540.50 6349.50
148.75 358.25 1609.75 3379.25 6295.25
134.50 357.75 1560.50 3407.75 6359.00
137.00 365.50 1573.25 3449.00 6239.50
141.75 347.50 1447.25 3357.25 5921.50
113.00 342.25 1387.75 3107.50 5520.00
100.75 293.25 1222.25 2799.75 4792.00
101.25 228.50 1008.25 2292.50 3882.50
68.75 141.50 628.50 1375.25 2400.25
25.50 71.25 266.25 590.25 1088.50
8.25 18.25 85.00 187.00 373.00
5.00 16.75 62.00 142.50 259.00
4.25 16.75 64.75 148.75 267.00
4.75 18.25 78.00 204.50 383.75
2.50 19.00 82.50 180.00 373.75
2.25 13.25 63.75 149.00 298.25
0.75 9.50 47.50 118.00 234.25
0.50 7.00 27.75 80.25 177.25
0.25 3.75 22.50 62.50 132.75
0.25 3.00 16.50 46.50 108.25
0.00 2.50 13.75 38.75 92.50
0.00 2.50 12.25 35.50 81.50
0.00 2.25 11.00 31.75 75.25
0.00 2.00 11.25 28.25 69.25
