154.75 421.50 1836.25 4032.75 7036.50
155.50 437.25 1729.00 3870.50 6857.25
152.50 417.75 1711.00 3799.25 6844.75
147.25 384.50 1696.25 3930.25 6637.00
152.75 369.75 1614.50 3622.50 6565.25
130.75 407.00 1666.00 3586.75 6440.75
150.25 358.75 1631.25 3548.75 6341.25
151.50 359.50 1605.00 3378.00 6282.00
134.00 360.75 1567.50 3381.00 6367.25
143.25 359.25 1572.50 3437.00 6212.50
141.50 344.50 1461.00 3365.00 5937.00
119.25 346.75 1400.75 3114.75 5550.75
102.00 291.00 1240.25 2790.50 4806.00
94.00 236.75 1002.75 2307.00 3882.50
64.75 142.00 609.50 1376.25 2400.00
24.50 69.50 256.50 584.00 1081.25
6.00 19.25 82.00 180.00 372.00
4.75 15.25 63.25 140.50 263.00
4.75 14.75 67.25 146.50 271.00
5.25 18.25 77.50 204.50 392.75
5.00 13.75 78.75 185.50 376.25
2.75 11.00 61.00 150.50 296.75
2.75 8.75 45.00 118.25 239.25
1.00 5.75 23.00 80.25 182.75
0.25 1.75 17.50 63.00 134.50
0.25 0.75 13.75 46.50 110.25
0.00 0.75 10.25 38.50 90.25
0.00 0.50 9.25 35.00 79.75
0.00 0.25 7.50 32.00 71.00
0.00 0.25 7.75 28.75 67.75
