2.000000e-03 2.000000e-03 2.000000e-03 2.000000e-03 2.000000e-03 
3.000000e-03 3.000000e-03 3.000000e-03 3.000000e-03 3.000000e-03 
4.000000e-03 4.000000e-03 4.000000e-03 4.000000e-03 4.000000e-03 
5.000000e-03 5.000000e-03 5.000000e-03 5.000000e-03 5.000000e-03 
6.000000e-03 6.000000e-03 6.000000e-03 6.000000e-03 6.000000e-03 
7.000000e-03 7.000000e-03 7.000000e-03 7.000000e-03 7.000000e-03 
8.000000e-03 8.000000e-03 8.000000e-03 8.000000e-03 8.000000e-03 
9.000000e-03 9.000000e-03 9.000000e-03 9.000000e-03 9.000000e-03 
1.000000e-02 1.000000e-02 1.000000e-02 1.000000e-02 1.000000e-02 
1.100000e-02 1.100000e-02 1.100000e-02 1.100000e-02 1.100000e-02 
1.400000e-02 1.400000e-02 1.400000e-02 1.400000e-02 1.400000e-02 
1.800000e-02 1.800000e-02 1.800000e-02 1.800000e-02 1.800000e-02 
2.400000e-02 2.400000e-02 2.400000e-02 2.400000e-02 2.400000e-02 
3.100000e-02 3.100000e-02 3.100000e-02 3.100000e-02 3.100000e-02 
4.000000e-02 4.000000e-02 4.000000e-02 4.000000e-02 4.000000e-02 
5.100000e-02 5.100000e-02 5.100000e-02 5.100000e-02 5.100000e-02 
6.700000e-02 6.700000e-02 6.700000e-02 6.700000e-02 6.700000e-02 
8.700000e-02 8.700000e-02 8.700000e-02 8.700000e-02 8.700000e-02 
1.120000e-01 1.120000e-01 1.120000e-01 1.120000e-01 1.120000e-01 
1.460000e-01 1.460000e-01 1.460000e-01 1.460000e-01 1.460000e-01 
1.900000e-01 1.900000e-01 1.900000e-01 1.900000e-01 1.900000e-01 
2.460000e-01 2.460000e-01 2.460000e-01 2.460000e-01 2.460000e-01 
3.200000e-01 3.200000e-01 3.200000e-01 3.200000e-01 3.200000e-01 
4.160000e-01 4.160000e-01 4.160000e-01 4.160000e-01 4.160000e-01 
5.400000e-01 5.400000e-01 5.400000e-01 5.400000e-01 5.400000e-01 
7.010000e-01 7.010000e-01 7.010000e-01 7.010000e-01 7.010000e-01 
9.120000e-01 9.120000e-01 9.120000e-01 9.120000e-01 9.120000e-01 
1.185000e+00 1.185000e+00 1.185000e+00 1.185000e+00 1.185000e+00 
1.539000e+00 1.539000e+00 1.539000e+00 1.539000e+00 1.539000e+00 
2.001000e+00 2.001000e+00 2.001000e+00 2.001000e+00 2.001000e+00 
