-70.9002 -21.7831 -38.9313
-71.3712 -21.7080 -38.6467
-71.6841 -21.6583 -38.4307
-71.9381 -21.6183 -38.2431
-72.1447 -21.5851 -38.0819
-72.3117 -21.5571 -37.9450
-72.4460 -21.5331 -37.8294
-72.5535 -21.5126 -37.7323
-72.6383 -21.4956 -37.6517
-72.7044 -21.4817 -37.5858
-72.7560 -21.4705 -37.5320
-72.7948 -21.4618 -37.4894
-72.8250 -21.4545 -37.4547
-72.8490 -21.4484 -37.4257
-72.8685 -21.4429 -37.4010
-72.8846 -21.4378 -37.3796
-72.8979 -21.4331 -37.3606
-72.9092 -21.4286 -37.3437
-72.9188 -21.4243 -37.3284
-72.9269 -21.4202 -37.3145
-72.9449 -21.4083 -37.2786
-72.9493 -21.4045 -37.2682
-72.9562 -21.3972 -37.2489
-72.9611 -21.3902 -37.2314
-72.9644 -21.3834 -37.2151
-72.9664 -21.3769 -37.1998
-72.9674 -21.3707 -37.1852
-72.9675 -21.3646 -37.1712
-67.2271 -22.6280 -41.5144
-69.2733 -22.5323 -41.3016
-70.2855 -22.3908 -40.8545
-71.0613 -22.2629 -40.4356
-71.6552 -22.1614 -40.0731
-72.1137 -22.0798 -39.7700
-72.4705 -22.0125 -39.5198
-72.7500 -21.9566 -39.3139
-72.9680 -21.9111 -39.1468
-73.1369 -21.8754 -39.0133
-73.2688 -21.8476 -38.9068
-73.3689 -21.8267 -38.8249
-73.4474 -21.8106 -38.7603
-73.5106 -21.7975 -38.7081
-73.5628 -21.7865 -38.6651
-73.6065 -21.7769 -38.6292
-73.6438 -21.7684 -38.5987
-73.6759 -21.7606 -38.5727
-73.7040 -21.7533 -38.5502
-73.7286 -21.7465 -38.5307
-73.7873 -21.7281 -38.4852
-73.8030 -21.7225 -38.4733
-73.8300 -21.7121 -38.4534
-73.8525 -21.7026 -38.4373
-73.8714 -21.6939 -38.4242
-73.8875 -21.6860 -38.4134
-73.9013 -21.6788 -38.4044
-73.9133 -21.6723 -38.3968
-48.4682 -19.7926 -4.5162
-66.0634 -24.3607 -9.2511
-70.1372 -25.3148 -12.1534
-71.9709 -25.6714 -14.8758
-72.9896 -25.8281 -17.3562
-73.5071 -25.8393 -19.4773
-73.6839 -25.7555 -21.1181
-73.6356 -25.6331 -22.2994
-73.3830 -25.4660 -23.0620
-72.9533 -25.2384 -23.4951
-72.3912 -24.7906 -23.9376
-71.8514 -24.0893 -24.3803
-71.3109 -23.3454 -24.6761
-70.7486 -22.5402 -24.8874
-70.1654 -21.6844 -25.0853
-69.5842 -20.8422 -25.3247
-68.9875 -20.0230 -25.5757
-68.3579 -19.2379 -25.8373
-67.6581 -18.4808 -26.1265
-66.8550 -17.7471 -26.4663
-63.9247 -15.7652 -27.7574
-62.9113 -15.1479 -28.1842
-61.1097 -13.9145 -28.7064
-59.3053 -13.1170 -28.8022
-57.6180 -12.4883 -28.1716
-55.8621 -11.8092 -27.1736
-54.2375 -11.4642 -26.4223
-52.7817 -11.4068 -25.7518
-13.4096 17.7210 -0.9790
-24.1257 33.0976 -6.0882
-26.6296 40.5933 -7.4477
-27.2600 44.9549 -7.8284
-27.4061 49.1352 -7.8224
-26.6987 53.4563 -7.2183
-25.0803 57.9739 -6.0510
-22.6870 62.6414 -4.4836
-19.9019 67.0764 -2.8157
-17.0741 71.0588 -1.3758
-14.5814 74.3651 -0.1785
-12.7571 76.6954 0.8048
-11.2909 78.2951 1.6992
-9.9498 79.3669 2.5186
-8.5623 80.0473 3.2739
-7.0919 80.3581 3.9664
-5.6602 80.3034 4.5847
-4.4393 80.0020 5.1940
-3.4884 79.5286 5.8240
-2.8754 78.9480 6.4957
-2.2440 76.8497 8.0718
-2.2442 76.0098 8.3187
-2.2977 74.1000 8.0973
-2.0799 72.2543 7.6320
-1.3857 70.5557 7.5385
-0.7531 68.8396 7.4318
-0.0268 66.8266 7.2116
1.0833 64.8113 6.9642
18.5597 -12.2763 -6.6396
27.6740 -16.4643 -16.5918
32.6718 -18.0134 -21.7600
35.0819 -18.2264 -23.9175
37.4258 -18.2929 -25.6742
39.9430 -18.0622 -27.0892
42.2648 -17.4132 -28.0483
44.3251 -16.4184 -28.6143
46.1496 -15.0954 -28.9115
47.6478 -13.4114 -29.0201
48.6205 -11.5155 -28.9846
48.9385 -9.8009 -28.9342
48.7649 -8.3170 -28.9297
48.3138 -7.0229 -28.9740
47.6837 -5.7936 -29.0463
46.9417 -4.5646 -29.0769
46.2503 -3.4124 -29.0174
45.6729 -2.4207 -28.8606
45.1236 -1.5671 -28.6017
44.5411 -0.8703 -28.2916
42.7771 0.1312 -27.3443
42.2951 0.2081 -26.9423
41.5183 0.2708 -25.9484
40.7718 0.2515 -24.8285
39.9709 0.2681 -23.5543
39.1736 0.1488 -22.4863
38.4042 -0.1542 -21.6321
37.6278 -0.5389 -20.8177
22.5937 -18.3382 -1.4760
26.8842 -19.7838 -5.4243
29.4789 -20.2380 -7.9419
31.7523 -20.7600 -10.0216
34.3188 -21.2632 -12.1825
37.1039 -21.6344 -14.4861
39.8258 -21.8236 -16.6817
41.9661 -21.7593 -18.5460
43.6235 -21.5278 -19.9138
44.9983 -21.2184 -20.8518
46.0997 -20.8880 -21.6730
46.7936 -20.7353 -22.3754
47.1737 -20.7377 -22.8227
47.3201 -20.7720 -23.1274
47.2068 -20.7969 -23.3648
46.9267 -20.8161 -23.5016
46.6163 -20.8556 -23.5369
46.3553 -20.8965 -23.5123
46.0877 -20.9134 -23.4714
45.7791 -20.9028 -23.4327
44.5593 -20.6549 -23.2661
44.0689 -20.4954 -23.1611
43.0654 -20.0979 -22.9657
42.1055 -19.6200 -22.8195
41.1605 -19.1055 -22.5482
40.2690 -18.6069 -22.1143
39.3749 -18.0144 -21.5695
38.3221 -17.1215 -20.9000
23.3771 -18.8430 -1.4793
28.9363 -21.0611 -6.4153
32.4617 -22.1351 -9.5041
35.1767 -22.8559 -12.1353
37.8157 -23.4070 -14.7240
40.4069 -23.6012 -17.1108
42.8815 -23.2317 -19.1357
45.2990 -22.4125 -20.5854
47.4114 -21.5739 -21.4041
48.8562 -20.9841 -21.7231
49.5501 -20.5544 -21.8618
49.6050 -20.1103 -21.8849
49.5619 -19.6316 -21.7090
49.4176 -19.1455 -21.4699
49.1718 -18.6701 -21.2246
48.8382 -18.1997 -20.9857
48.3836 -17.6935 -20.7413
47.7597 -17.1390 -20.5258
47.0620 -16.5423 -20.4140
46.6108 -15.9569 -20.3217
45.6152 -14.7735 -20.1292
45.3463 -14.5650 -20.0646
44.8153 -14.3382 -19.8832
44.1182 -13.8733 -19.6606
43.3114 -13.3958 -19.4470
42.3941 -13.0084 -19.2770
41.5584 -12.5920 -19.1025
40.6359 -12.1793 -19.0540
-7.3185 -17.7721 21.4285
-15.4513 -23.2436 29.8460
-18.1477 -26.4105 36.0784
-18.4773 -27.9784 41.5314
-18.5578 -28.6867 46.6926
-18.2038 -28.9978 51.5858
-17.4261 -29.2223 56.2021
-16.4834 -29.3878 60.4148
-15.4753 -29.5100 64.1470
-14.4225 -29.5250 67.3176
-13.4479 -29.3570 69.9251
-12.7756 -29.1641 71.9668
-12.2564 -28.9673 73.6731
-11.7531 -28.7843 75.1256
-11.1746 -28.5958 76.4601
-10.7287 -28.4615 77.5709
-10.4481 -28.3884 78.2633
-10.2323 -28.3018 78.6607
-10.1278 -28.1727 78.8192
-10.1885 -28.0102 78.7428
-11.1317 -27.3916 77.5530
-11.3027 -26.9602 77.2901
-11.3951 -26.3754 76.7886
-11.4502 -25.9067 76.0704
-11.4132 -25.4814 75.2565
-11.3377 -25.0932 74.3874
-11.2416 -24.7543 73.4911
-11.1226 -24.4678 72.5854
-8.6812 17.9018 1.7900
-17.0703 34.1169 -1.8491
-18.8126 42.4434 -2.8239
-18.8471 47.3288 -2.9219
-18.3228 52.0066 -2.5102
-17.1875 56.7270 -1.5924
-15.4253 61.2333 -0.3382
-13.2606 65.5537 0.9671
-10.6527 69.5422 2.1555
-7.8753 73.1056 3.1620
-5.2089 76.1976 4.1257
-2.8966 78.6358 5.0734
-1.1282 80.3664 6.0235
0.1560 81.4586 6.9741
1.1543 82.0777 7.9580
2.1251 82.3773 9.0457
3.2153 82.3595 10.0798
4.3978 82.0571 10.8004
5.2612 81.5875 11.4087
5.8058 81.0287 11.9469
6.5145 78.8567 13.2099
6.5535 78.0718 13.4750
6.7144 76.3805 13.7099
6.8666 74.5052 13.5214
7.0534 72.6886 13.1157
6.8940 71.1122 12.4260
6.4939 69.5477 11.6884
5.8683 67.8724 10.7870
21.4721 -13.5094 -0.2388
22.7855 -13.8182 -1.2964
23.7482 -14.0117 -2.1984
25.0519 -14.4007 -3.1517
26.8323 -15.0719 -4.3954
28.9897 -15.9861 -5.9802
31.2407 -17.0350 -7.8901
33.2789 -17.9694 -9.9515
34.8411 -18.5263 -11.9300
35.9728 -18.5935 -13.6630
36.8675 -18.4346 -15.0857
37.7127 -18.3564 -16.1522
38.6288 -18.4283 -16.9721
39.5563 -18.6408 -17.5393
40.1079 -18.9757 -17.8791
40.3565 -19.2665 -18.1944
40.4850 -19.4303 -18.4899
40.5789 -19.5276 -18.7796
40.6733 -19.6065 -19.0619
40.7668 -19.6757 -19.3315
40.8534 -19.7126 -19.8518
40.9019 -19.6814 -19.9059
40.9926 -19.5592 -19.8808
41.0632 -19.3554 -19.7003
41.0453 -19.0653 -19.4106
40.9350 -18.7316 -19.0101
40.7354 -18.3037 -18.3365
40.4937 -18.0198 -17.4698
23.6129 -14.7244 -3.3173
26.6856 -15.5259 -6.0734
28.2023 -16.0799 -7.7658
29.9348 -16.8960 -9.4329
32.0635 -17.8591 -11.2903
34.5449 -18.7861 -13.1814
37.1857 -19.5802 -15.0149
39.5956 -20.1678 -16.6281
41.5347 -20.5075 -18.0091
42.9639 -20.6315 -19.1924
44.0307 -20.6880 -20.1469
44.9476 -20.6875 -20.7389
45.7379 -20.6396 -20.9838
46.2644 -20.5617 -21.0685
46.7131 -20.4513 -21.0390
46.9146 -20.3371 -21.0784
46.8594 -20.2366 -21.2551
46.6341 -20.1643 -21.5497
46.3142 -20.0939 -21.8832
45.9751 -20.0233 -22.2550
44.6747 -19.9619 -23.2723
44.4112 -19.9469 -23.3891
44.2173 -19.8317 -23.2681
44.1896 -19.4691 -22.9030
44.0276 -19.1691 -22.7311
43.7924 -18.9446 -22.5899
43.4280 -18.7849 -22.5141
42.8877 -18.6616 -22.5217
-7.2108 -15.7264 17.8799
-13.3056 -20.4571 24.0832
-15.7128 -22.6854 27.9476
-17.1530 -23.9834 31.6340
-18.2352 -24.9558 35.9047
-18.7793 -25.7698 40.7215
-18.8300 -26.4614 45.9520
-18.5772 -27.0632 51.2671
-18.1872 -27.5886 56.4657
-17.7077 -28.0526 61.2532
-16.9041 -28.3430 65.4711
-15.8813 -28.4853 69.0859
-15.5143 -28.6476 71.3068
-15.4459 -28.7569 72.7375
-15.5798 -28.8275 73.6987
-15.6791 -28.8112 74.4602
-15.7211 -28.6587 75.0735
-15.7872 -28.3967 75.4954
-15.8510 -28.0110 75.7729
-15.9003 -27.4786 75.9331
-16.0842 -25.0795 75.4913
-16.1203 -24.1289 74.9747
-15.9593 -22.4700 73.8433
-15.4785 -21.1589 72.7245
-15.0389 -20.3556 71.3738
-14.6238 -19.8421 69.8983
-14.2368 -19.4662 68.4695
-13.9579 -19.2658 67.3848
-8.7721 18.2944 1.3817
-17.0175 34.5579 -2.5270
-18.4291 42.9053 -3.4405
-18.1327 47.8164 -3.4076
-17.2910 52.4642 -2.9979
-15.7929 57.1895 -2.2020
-13.6781 61.8026 -1.1310
-11.1756 66.1062 -0.0845
-8.4621 69.9244 0.6573
-5.7526 73.1542 0.9619
-3.3565 75.8755 1.0670
-1.4458 77.9712 1.1155
0.0831 79.5374 1.1930
1.3405 80.6544 1.3503
2.7214 81.4948 1.5578
4.3121 82.0634 1.6021
5.8635 82.2384 1.6685
6.6947 82.1933 2.0057
7.4197 81.9386 2.2610
8.1614 81.4416 2.4564
10.3512 78.8712 2.8950
11.0118 77.8578 2.9481
11.9635 76.0058 2.9862
12.7095 74.2308 2.8914
13.2023 72.5140 2.4645
13.2933 71.0223 1.5202
13.1581 69.5379 0.4407
12.8105 68.1373 -0.3402
18.7317 -19.2502 7.4649
21.2936 -20.5528 5.5086
24.4526 -22.1849 3.2366
28.0107 -24.0858 0.7442
30.9028 -25.9284 -1.6514
32.9329 -27.4008 -3.5627
34.4257 -28.0332 -4.2644
35.6500 -28.0222 -4.3919
36.4597 -27.8851 -4.3872
37.0418 -27.7399 -4.3331
37.4905 -27.4834 -4.2867
37.8226 -27.2253 -4.2533
38.1353 -26.9368 -4.3310
38.5027 -26.3713 -4.5044
38.8102 -25.4808 -4.6600
38.9993 -24.4953 -4.7613
39.0975 -23.5808 -4.8006
39.1363 -22.7771 -4.7780
39.0731 -22.0878 -4.7249
38.8981 -21.5157 -4.6618
38.1128 -20.3495 -4.5670
37.6986 -19.9581 -4.6675
36.4738 -18.7606 -4.4707
34.9153 -17.4416 -4.2076
33.4285 -16.8435 -4.1081
31.7583 -16.5977 -4.1430
30.6075 -16.2778 -4.3276
29.9473 -16.0649 -4.3543
21.4493 -21.1755 5.5026
25.3014 -23.1482 2.8516
29.0464 -25.0054 0.3405
32.1201 -26.6698 -1.8763
34.4304 -27.9509 -3.5351
36.3015 -28.7258 -4.5801
37.9313 -28.7722 -5.1674
39.3702 -28.5639 -5.5135
40.2868 -28.3120 -5.5339
40.7578 -28.0279 -5.3932
41.1638 -27.7056 -5.3301
41.4868 -27.2926 -5.3470
41.8042 -26.7118 -5.3642
42.2241 -25.9625 -5.3857
42.7084 -25.1102 -5.3849
43.2206 -24.1395 -5.2839
43.7633 -23.0592 -4.9890
44.3165 -21.9808 -4.3394
44.5558 -21.1074 -3.5199
44.3336 -20.3048 -2.9807
42.7546 -17.5697 -1.8327
42.1421 -17.0110 -1.5812
40.8267 -16.6228 -1.4021
39.7190 -16.5009 -1.2525
38.7348 -16.4496 -1.0761
37.6844 -16.3527 -0.9451
36.5035 -16.1512 -0.8136
35.3488 -15.8042 -0.5955
-8.1950 -19.7665 23.0106
-15.1738 -25.4844 31.5360
-18.3689 -27.7844 35.7922
-20.2306 -28.8649 38.9430
-21.4056 -29.4638 41.9094
-22.0022 -29.6978 45.0160
-22.1255 -29.7393 48.3949
-21.8630 -29.7361 51.9953
-21.4471 -29.6549 55.5736
-21.0672 -29.3955 58.9397
-20.7387 -28.8532 62.0895
-20.5496 -28.1153 64.8101
-20.4486 -27.4220 67.0380
-20.3018 -26.8635 68.8694
-19.8914 -26.4208 70.5124
-19.6999 -26.2922 71.6395
-19.5782 -26.1956 72.5328
-19.4993 -26.1182 73.2689
-19.2541 -26.0493 73.6468
-18.7132 -25.9151 73.8318
-17.2418 -26.4046 72.9847
-16.8139 -26.6834 72.5642
-16.0410 -26.9892 71.5795
-15.0859 -27.0133 70.7805
-14.1298 -26.8646 70.0816
-13.1679 -26.5432 69.4223
-12.1497 -26.1175 68.6922
-11.5829 -25.8949 67.7356
-8.9513 17.9049 1.9042
-17.3209 34.1191 -1.5923
-18.9393 42.2092 -2.4262
-18.9649 47.0236 -2.3418
-18.5453 51.7711 -1.7805
-17.5656 56.6415 -0.7968
-15.8937 61.3594 0.4765
-13.7658 65.7310 1.7070
-11.1987 69.7936 2.6901
-8.4474 73.5667 3.3006
-5.7839 76.8682 3.6116
-3.3651 79.4171 3.8547
-1.2804 81.2370 4.3546
0.4579 82.4773 5.2487
1.8779 83.2728 6.3441
3.0040 83.6191 7.6027
4.0700 83.6153 8.7787
5.1955 83.3503 9.7312
6.0951 82.8817 10.5619
6.6868 82.2664 11.2866
7.5669 80.0246 12.2295
7.6586 79.1776 12.1156
7.5260 77.4660 11.6609
7.4375 75.8588 11.3712
7.3772 74.2334 11.0513
7.2636 72.6891 10.3752
7.0729 71.1123 9.4110
6.8856 69.5209 8.4272
